88 44 64 
 2 2 2 2 2 2 2 2 2 2 2 2 2 2 2 2 2 2 2 2 2 2 2 2 2 2 2 2 2 2 2 2 2 2 2 2 2 2 2 2 2 2 2 2 2 2 2 2 2 2 2 2 2 2 2 2 2 2 2 2 2 2 2 2 2 2 2 2 2 2 2 2 2 2 2 2 2 2 2 2 2 2 2 2 2 2 2 2  
 4 4 4 4 4 4 4 4 4 4 4 4 4 4 4 4 4 4 4 4 4 4 4 4 4 4 4 4 4 4 4 4 4 4 4 4 4 4 4 4 4 4 4 4  
 15 30 36 24 57 1 71 44  
 2 51 28 60 46 35 55 13  
 3 6 27 1 62 45 80 15  
 13 24 39 1 53 44 69 53  
 18 1 40 44 45 53 76 24  
 18 13 44 18 68 60 82 35  
 1 44 38 53 71 24 87 1  
 19 15 29 35 68 46 86 56  
 2 44 37 30 72 24 88 1  
 13 33 38 42 58 14 84 5  
 8 45 26 15 52 6 61 1  
 12 24 30 1 56 44 74 30  
 24 18 42 15 64 32 88 61  
 10 45 34 15 60 6 78 1  
 24 44 44 30 59 24 78 1  
 10 61 36 47 50 20 73 8  
 23 45 41 15 63 6 87 1  
 6 39 32 36 50 34 76 33  
 1 53 27 24 45 1 56 44  
 17 15 39 6 46 1 75 45  
 7 34 32 3 52 55 81 9  
 4 1 28 44 61 30 79 24  
 14 40 40 32 54 61 70 18  
 3 15 21 6 47 1 69 45  
 5 1 31 45 49 15 75 6  
 20 34 22 33 64 45 65 36  
 20 53 30 24 67 1 85 44  
 4 24 22 1 48 44 70 53  
 5 44 41 35 54 31 85 50  
 11 1 29 44 55 53 73 24  
 9 30 35 24 49 1 74 44  
 16 44 34 35 48 61 80 50  
 15 6 33 1 47 45 79 15  
 16 53 35 24 58 1 72 44  
 7 30 25 24 51 1 62 44  
 23 1 43 44 60 53 77 24  
 12 55 26 9 66 34 83 3  
 14 15 37 6 57 1 83 45  
 11 37 25 32 65 52 84 47  
 6 12 42 25 53 36 86 14  
 8 24 31 1 51 44 82 30  
 9 2 33 50 59 22 77 14  
 17 15 43 6 67 1 81 45  
 19 1 21 44 63 53 66 24  
 