88 44 64 
2 2 2 2 2 2 2 2 2 2 2 2 2 2 2 2 2 2 2 2 2 2 2 2 2 2 2 2 2 2 2 2 2 2 2 2 2 2 2 2 2 2 2 2 2 2 2 2 2 2 2 2 2 2 2 2 2 2 2 2 2 2 2 2 2 2 2 2 2 2 2 2 2 2 2 2 2 2 2 2 2 2 2 2 2 2 2 2 
4 4 4 4 4 4 4 4 4 4 4 4 4 4 4 4 4 4 4 4 4 4 4 4 4 4 4 4 4 4 4 4 4 4 4 4 4 4 4 4 4 4 4 4 
14 35 56 70 
1 27 45 54 
2 26 61 79 
12 38 52 68 
17 39 44 75 
17 43 67 81 
0 37 70 86 
18 28 67 85
1 36 71 87 
12 37 57 83 
7 25 51 60 
11 29 55 73 
23 41 63 87 
9 33 59 77 
23 43 58 77 
9 35 49 72 
22 40 62 86 
5 31 49 75 
0 26 44 55 
16 38 45 74 
6 31 51 80 
3 27 60 78 
13 39 53 69 
2 20 46 68 
4 30 48 74 
19 21 63 64 
19 29 66 84 
3 21 47 69 
4 40 53 84 
10 28 54 72 
8 34 48 73 
15 33 47 79 
14 32 46 78 
15 34 57 71 
6 24 50 61 
22 42 59 76 
11 25 65 82 
13 36 56 82 
10 24 64 83 
5 41 52 85 
7 30 50 81 
8 32 58 76 
16 42 66 80 
18 20 62 65 

30 24 1 44 
51 60 35 13 
6 1 45 15 
24 1 44 53 
1 44 53 24 
13 18 60 35 
44 53 24 1 
15 35 46 56 
44 30 24 1 
33 42 14 5 
45 15 6 1 
24 1 44 30 
18 15 32 61 
45 15 6 1 
44 30 24 1 
61 47 20 8 
45 15 6 1 
39 36 34 33 
53 24 1 44 
15 6 1 45 
34 3 55 9 
1 44 30 24 
40 32 61 18 
15 6 1 45 
1 45 15 6 
34 33 45 36 
53 24 1 44 
24 1 44 53 
44 35 31 50 
1 44 53 24 
30 24 1 44 
44 35 61 50 
6 1 45 15 
53 24 1 44 
30 24 1 44 
1 44 53 24 
55 9 34 3 
15 6 1 45 
37 32 52 47 
12 25 36 14 
24 1 44 30 
2 50 22 14 
15 6 1 45 
1 44 53 24 
