200 100 64 
 2 2 2 2 2 2 2 2 2 2 2 2 2 2 2 2 2 2 2 2 2 2 2 2 2 2 2 2 2 2 2 2 2 2 2 2 2 2 2 2 2 2 2 2 2 2 2 2 2 2 2 2 2 2 2 2 2 2 2 2 2 2 2 2 2 2 2 2 2 2 2 2 2 2 2 2 2 2 2 2 2 2 2 2 2 2 2 2 2 2 2 2 2 2 2 2 2 2 2 2 2 2 2 2 2 2 2 2 2 2 2 2 2 2 2 2 2 2 2 2 2 2 2 2 2 2 2 2 2 2 2 2 2 2 2 2 2 2 2 2 2 2 2 2 2 2 2 2 2 2 2 2 2 2 2 2 2 2 2 2 2 2 2 2 2 2 2 2 2 2 2 2 2 2 2 2 2 2 2 2 2 2 2 2 2 2 2 2 2 2 2 2 2 2 2 2 2 2 2 2  
 4 4 4 4 4 4 4 4 4 4 4 4 4 4 4 4 4 4 4 4 4 4 4 4 4 4 4 4 4 4 4 4 4 4 4 4 4 4 4 4 4 4 4 4 4 4 4 4 4 4 4 4 4 4 4 4 4 4 4 4 4 4 4 4 4 4 4 4 4 4 4 4 4 4 4 4 4 4 4 4 4 4 4 4 4 4 4 4 4 4 4 4 4 4 4 4 4 4 4 4  
 12 35 63 13 103 51 151 60  
 5 1 91 44 132 53 178 24  
 14 15 58 6 136 1 199 45  
 7 30 59 24 107 1 159 44  
 11 24 62 1 102 44 150 30  
 18 33 99 42 152 14 188 24  
 22 30 84 24 120 1 154 44  
 41 1 54 45 133 15 160 6  
 35 24 70 1 126 44 163 53  
 24 44 82 53 118 24 156 1  
 35 1 83 44 131 53 183 24  
 3 45 55 15 103 6 155 1  
 37 35 85 13 121 18 170 60  
 29 6 77 1 125 45 177 15  
 30 1 86 44 113 30 166 24  
 26 30 67 24 122 1 175 44  
 36 1 71 44 127 30 164 24  
 36 30 84 24 132 1 184 44  
 34 35 82 46 130 56 182 15  
 31 44 79 30 127 24 179 1  
 2 1 49 44 144 53 199 24  
 42 45 100 15 148 6 196 1  
 38 51 92 60 140 35 188 13  
 17 44 98 53 151 24 187 1  
 39 24 89 1 137 44 185 30  
 10 1 61 44 101 53 149 24  
 48 1 96 45 139 15 192 6  
 25 44 66 53 121 24 174 1  
 9 24 61 1 109 44 161 30  
 40 24 88 1 124 44 169 53  
 47 33 95 42 138 14 191 24  
 32 24 88 1 115 44 168 53  
 20 1 97 45 150 15 186 6  
 24 24 76 1 120 44 176 30  
 25 30 94 24 112 1 183 44  
 2 27 54 28 102 30 154 31  
 19 30 71 24 115 1 171 44  
 26 45 95 15 109 6 184 1  
 37 53 91 24 139 1 187 44  
 46 44 94 53 137 24 190 1  
 38 1 86 44 122 30 171 24  
 33 38 81 23 129 22 181 7  
 11 53 63 24 111 1 163 44  
 42 5 55 33 134 42 157 14  
 10 6 62 1 110 45 162 15  
 41 1 99 44 147 30 195 24  
 32 6 80 1 128 45 180 15  
 6 29 92 28 129 30 179 31  
 12 44 64 30 112 24 164 1  
 48 24 75 1 142 44 190 30  
 1 1 52 45 143 15 198 6  
 52 35 80 46 147 56 196 15  
 7 24 89 1 130 44 180 30  
 45 45 93 15 140 6 189 1  
 16 24 68 1 106 44 168 53  
 15 45 67 15 105 6 167 1  
 3 1 50 44 141 30 200 24  
 17 42 69 36 113 12 169 57  
 43 1 97 45 145 15 193 6  
 21 1 73 44 117 30 173 24  
 47 53 74 24 141 1 189 44  
 27 1 68 45 123 15 176 6  
 40 30 90 1 138 44 186 7  
 34 24 69 1 125 44 162 53  
 28 53 65 24 124 1 173 44  
 4 1 51 44 142 30 197 24  
 1 44 53 53 101 24 153 1  
 20 6 72 1 116 45 172 15  
 21 54 83 7 119 38 153 23  
 27 53 96 24 110 1 181 44  
 19 44 100 30 149 24 185 1  
 4 1 56 44 104 53 156 24  
 31 6 87 1 114 45 167 15  
 33 38 72 49 128 11 161 17  
 50 1 78 44 145 53 194 24  
 23 45 81 15 117 6 155 1  
 45 6 76 1 143 45 191 15  
 8 1 90 45 131 15 177 6  
 5 17 57 38 105 49 157 11  
 51 30 79 24 146 1 195 44  
 8 1 60 45 108 15 160 6  
 13 57 65 25 107 9 165 41  
 15 6 59 1 133 45 200 15  
 9 1 64 45 104 15 152 6  
 18 53 70 24 114 1 170 44  
 14 24 66 1 108 44 166 30  
 30 26 78 22 126 14 178 2  
 22 6 74 1 118 45 174 15  
 13 30 57 24 135 1 198 44  
 29 44 85 30 116 24 165 1  
 49 41 77 16 148 29 193 51  
 44 1 53 45 136 15 159 6  
 16 24 60 1 134 44 197 53  
 39 1 87 45 123 15 172 6  
 46 44 73 53 144 24 192 1  
 6 1 58 44 106 53 158 24  
 23 42 75 47 119 37 175 32  
 44 24 98 1 146 44 194 53  
 43 44 56 30 135 24 158 1  
 28 53 93 24 111 1 182 44  
 